115
119
15B
25
3D
31
131
22
C3
2B
85
137
3D
31
131
22
22
119
15B
25
3D
31
131
22
B9
2B
85
137
3D
31
131
22
F7
119
3F
25
3D
31
131
22
F7
2B
155
137
3D
31
131
22
F7
59
8B
4
D5
101
4F
23
F7
EB
10B
AD
3D
31
131
153
2
2
2
2
2
2
E5
2
2
2
2
2
2
2
E5
2
2
2
2
2
2
2
E5
2
2
2
2
2
2
2
E5
2
2
2
2
2
2
2
E5
2
2
2
2
2
2
2
E5
2
1C
1C
1C
1C
1C
1C
22
1C
2
2
2
2
2
2
E5
2
113
113
113
113
113
113
143
113
113
113
113
113
113
113
143
113
111
111
111
111
111
22
13D
22
111
111
111
111
111
111
13D
111
113
113
113
113
113
113
143
113
113
113
113
113
113
113
143
113
113
113
113
113
113
113
143
113
111
111
111
111
111
111
13D
111
A
149
9F
69
22
22
DF
22
A
91
9F
22
22
22
DF
22
A
149
9F
22
22
22
63
22
A
22
9F
22
22
22
63
22
22
149
22
22
22
22
DF
22
123
117
22
22
22
22
DF
22
45
22
F1
22
22
22
DF
22
33
B3
77
22
22
22
63
22
22
22
22
22
22
22
22
22
22
22
22
22
22
22
22
22
22
22
22
22
22
22
22
22
22
22
22
22
22
22
22
22
22
22
22
22
22
22
22
22
22
22
22
22
22
22
22
22
22
22
22
22
22
22
22
22
22
22
22
22
22
22
22
22
22
22
22
22
22
22
22
22
22
22
22
22
22
22
22
22
22
22
22
22
22
22
22
22
22
22
22
22
22
22
22
22
22
22
22
22
22
22
22
22
22
22
22
22
22
22
22
22
22
22
22
22
22
22
22
22
22
22
22
22
22
22
22
22
22
22
22
22
22
22
22
22
22
22
22
22
22
22
22
22
22
22
22
22
22
22
22
22
22
22
22
22
22
22
22
22
22
22
22
22
22
22
22
22
22
22
22
22
22
22
22
22
22
22
22
22
22
22
22
22
22
22
22
22
22
22
22
22
22
22
22
22
22
22
22
22
22
22
22
22
22
22
22
22
22
22
22
22
22
22
22
22
22
22
22
22
22
22
22
22
22
22
22
22
22
22
22
22
22
22
22
22
22
22
22
22
22
22
22
22
22
22
22
22
22
22
22
22
22
22
22
22