32
30
1
9
34
10
10
10
10
9
10
10
10
10
10
2F
2C
2C
31
34
2C
2C
34
10
10
10
10
0
13
22
9
24
25
26
42
10
9
5
4
3
2
10
9
A
41
3C
3E
45
20
10
23
10
10
39
28
10
9
10
20
10
1F
10
20
10
33
10
9
10
20
1C
1C
2D
37
10
20
1C
1C
31
20
1C
1C
10
10
10
10
10
0
10
20
10
23
10
20
10
23
10
10
10
11
10
9
1E
44
39
28
10
9
10
20
1C
1C
31
20
1C
1C
10
2F
10
10
10
0
10
10
2C
2C
31
34
2C
2C
34
10
10
10
10
0
1D
10
10
10
10
9
10
20
10
1C
10
20
10
10
10
35
10
20
1C
1C
2D
36
2A
8
3D
10
10
9
40
16
12
1B
10
9
45
B
39
28
10
9
10
20
10
1C
10
2F
10
10
10
35
C
D
39
28
14
27
29
3A
29
3B
10
9
10
2E
10
20
10
1A
10
20
10
F
10
9
10
20
10
15
10
9
17
18
19
21
10
9
2A
8
10
2B
2D
37
2A
8
10
2B
2D
36
10
10
10
6
10
34
10
7
34
9
43
9
46
38
39
28
3F
E