10400008010
10000100006010
10200008010
7500000000
200200010
18080381100000828
10000100003010
10000100002010
220000010
18900000100000010
A800100000090
10000018010
10000100004010
8600100000010
100000010
240000010
5700000000
2000C0010
6100000000
4900000000
6000500000000
A800100000050
18282210142400A78
141400210
100040010
100000000
200100000070
140800210
100000010
2500000000
53010202D030
C80100004050
191808801000C0851
500100005030
728100000031
880100000050
19100C90102024850
700100000030
4810102008050
6200100000030
6230102010030
4800100000050
A000141C05210
180400210
141800210
19188610142418A18
19388610142418A18
18082210142400A38
1010A000010
A810142408250
10000100005010
140400210
1AD80000400000C14
3500000000
10600018010
6200100000070
6230102010070
4800100000090
10200010010
4810102008090
30000200000010
20000010
420000010
4000000100000010
8200000010
10400010010
200100000030
10000000010
19180890102020850
730102028030
8100005012
1000C4012
1910AC10102022850
AC00100002050
C43010202B030
C400100003030
100080110
1C200100004070
1C23010202D070
A810142408290
4000500000000
10200000010
100080010
8000100000000
100000110
8400100000010
1C200100004030
1C23010202D030
18080381100000868
10
19388410142418A18
19188410142418A18
1A100000100000010
50000100000010